(kicad_pcb (version 20171130) (host pcbnew 5.0.0-fee4fd1~65~ubuntu17.10.1)

  (general
    (thickness 1.6)
    (drawings 23)
    (tracks 750)
    (zones 0)
    (modules 78)
    (nets 55)
  )

  (page A4)
  (layers
    (0 F.Cu signal)
    (1 Power.Cu power hide)
    (2 Gnd.Cu power hide)
    (31 B.Cu signal)
    (32 B.Adhes user hide)
    (33 F.Adhes user hide)
    (34 B.Paste user hide)
    (35 F.Paste user hide)
    (36 B.SilkS user hide)
    (37 F.SilkS user)
    (38 B.Mask user hide)
    (39 F.Mask user hide)
    (40 Dwgs.User user hide)
    (41 Cmts.User user hide)
    (42 Eco1.User user hide)
    (43 Eco2.User user hide)
    (44 Edge.Cuts user)
    (45 Margin user hide)
    (46 B.CrtYd user hide)
    (47 F.CrtYd user hide)
    (48 B.Fab user hide)
    (49 F.Fab user hide)
  )

  (setup
    (last_trace_width 0.2)
    (user_trace_width 0.4)
    (user_trace_width 0.7)
    (user_trace_width 1)
    (user_trace_width 1.5)
    (user_trace_width 2)
    (user_trace_width 3)
    (user_trace_width 4)
    (user_trace_width 5)
    (trace_clearance 0.15)
    (zone_clearance 0.5)
    (zone_45_only no)
    (trace_min 0.15)
    (segment_width 0.15)
    (edge_width 0.15)
    (via_size 0.6)
    (via_drill 0.3)
    (via_min_size 0.6)
    (via_min_drill 0.3)
    (user_via 0.8 0.4)
    (user_via 1 0.5)
    (user_via 3 1.6)
    (uvia_size 0.38)
    (uvia_drill 0.15)
    (uvias_allowed no)
    (uvia_min_size 0.38)
    (uvia_min_drill 0.15)
    (pcb_text_width 0.3)
    (pcb_text_size 1.5 1.5)
    (mod_edge_width 0.15)
    (mod_text_size 1 1)
    (mod_text_width 0.15)
    (pad_size 0.6 0.6)
    (pad_drill 0.3)
    (pad_to_mask_clearance 0.2)
    (solder_mask_min_width 0.25)
    (aux_axis_origin 74.065 94.19)
    (grid_origin 74.065 94.19)
    (visible_elements FFFFDE7F)
    (pcbplotparams
      (layerselection 0x010fc_ffffffff)
      (usegerberextensions false)
      (usegerberattributes false)
      (usegerberadvancedattributes false)
      (creategerberjobfile false)
      (excludeedgelayer true)
      (linewidth 0.100000)
      (plotframeref false)
      (viasonmask false)
      (mode 1)
      (useauxorigin false)
      (hpglpennumber 1)
      (hpglpenspeed 20)
      (hpglpendiameter 15.000000)
      (psnegative false)
      (psa4output false)
      (plotreference true)
      (plotvalue true)
      (plotinvisibletext false)
      (padsonsilk false)
      (subtractmaskfromsilk true)
      (outputformat 1)
      (mirror false)
      (drillshape 0)
      (scaleselection 1)
      (outputdirectory "gerber/"))
  )

  (net 0 "")
  (net 1 +3V3)
  (net 2 GND)
  (net 3 USB_VBUS)
  (net 4 +3.3VA)
  (net 5 /JTAG/JTAG_out_VREF)
  (net 6 "Net-(J5-Pad4)")
  (net 7 "Net-(J5-Pad6)")
  (net 8 "Net-(J5-Pad10)")
  (net 9 "Net-(R1-Pad1)")
  (net 10 AREF)
  (net 11 "Net-(RV1-Pad2)")
  (net 12 /MCU/USB_D-)
  (net 13 /MCU/USB_D+)
  (net 14 /MCU/MCU_D-)
  (net 15 /MCU/MCU_D+)
  (net 16 "Net-(J1-Pad1)")
  (net 17 "Net-(J1-Pad5)")
  (net 18 "Net-(J1-Pad6)")
  (net 19 "Net-(J2-Pad3)")
  (net 20 "Net-(C2-Pad1)")
  (net 21 "Net-(C3-Pad1)")
  (net 22 "Net-(C12-Pad1)")
  (net 23 "Net-(C13-Pad1)")
  (net 24 "Net-(J5-Pad2)")
  (net 25 "Net-(L4-Pad1)")
  (net 26 /MCU/TX1)
  (net 27 /MCU/TX0)
  (net 28 /MCU/RX0)
  (net 29 /MCU/CLK0)
  (net 30 /MCU/SRST)
  (net 31 "Net-(D1-Pad2)")
  (net 32 "Net-(D2-Pad1)")
  (net 33 "/Current monitor/ADC1")
  (net 34 "/Current monitor/ADC3")
  (net 35 "/Current monitor/ADC5")
  (net 36 "Net-(J2-Pad2)")
  (net 37 "Net-(J2-Pad4)")
  (net 38 "Net-(J2-Pad5)")
  (net 39 "Net-(J2-Pad6)")
  (net 40 "Net-(J4-Pad2)")
  (net 41 "Net-(R16-Pad1)")
  (net 42 "Net-(R17-Pad1)")
  (net 43 "Net-(R18-Pad1)")
  (net 44 "Net-(R19-Pad1)")
  (net 45 "Net-(R20-Pad1)")
  (net 46 "/Current monitor/ADC0")
  (net 47 "/Current monitor/ADC2")
  (net 48 "/Current monitor/ADC4")
  (net 49 "Net-(J2-Pad7)")
  (net 50 "Net-(J3-Pad3)")
  (net 51 "Net-(J3-Pad5)")
  (net 52 "Net-(J3-Pad7)")
  (net 53 "Net-(J3-Pad9)")
  (net 54 "Net-(J3-Pad13)")

  (net_class Default "This is the default net class."
    (clearance 0.15)
    (trace_width 0.2)
    (via_dia 0.6)
    (via_drill 0.3)
    (uvia_dia 0.38)
    (uvia_drill 0.15)
    (add_net +3.3VA)
    (add_net +3V3)
    (add_net "/Current monitor/ADC0")
    (add_net "/Current monitor/ADC1")
    (add_net "/Current monitor/ADC2")
    (add_net "/Current monitor/ADC3")
    (add_net "/Current monitor/ADC4")
    (add_net "/Current monitor/ADC5")
    (add_net /JTAG/JTAG_out_VREF)
    (add_net /MCU/CLK0)
    (add_net /MCU/MCU_D+)
    (add_net /MCU/MCU_D-)
    (add_net /MCU/RX0)
    (add_net /MCU/SRST)
    (add_net /MCU/TX0)
    (add_net /MCU/TX1)
    (add_net /MCU/USB_D+)
    (add_net /MCU/USB_D-)
    (add_net AREF)
    (add_net GND)
    (add_net "Net-(C12-Pad1)")
    (add_net "Net-(C13-Pad1)")
    (add_net "Net-(C2-Pad1)")
    (add_net "Net-(C3-Pad1)")
    (add_net "Net-(D1-Pad2)")
    (add_net "Net-(D2-Pad1)")
    (add_net "Net-(J1-Pad1)")
    (add_net "Net-(J1-Pad5)")
    (add_net "Net-(J1-Pad6)")
    (add_net "Net-(J2-Pad2)")
    (add_net "Net-(J2-Pad3)")
    (add_net "Net-(J2-Pad4)")
    (add_net "Net-(J2-Pad5)")
    (add_net "Net-(J2-Pad6)")
    (add_net "Net-(J2-Pad7)")
    (add_net "Net-(J3-Pad13)")
    (add_net "Net-(J3-Pad3)")
    (add_net "Net-(J3-Pad5)")
    (add_net "Net-(J3-Pad7)")
    (add_net "Net-(J3-Pad9)")
    (add_net "Net-(J4-Pad2)")
    (add_net "Net-(J5-Pad10)")
    (add_net "Net-(J5-Pad2)")
    (add_net "Net-(J5-Pad4)")
    (add_net "Net-(J5-Pad6)")
    (add_net "Net-(L4-Pad1)")
    (add_net "Net-(R1-Pad1)")
    (add_net "Net-(R16-Pad1)")
    (add_net "Net-(R17-Pad1)")
    (add_net "Net-(R18-Pad1)")
    (add_net "Net-(R19-Pad1)")
    (add_net "Net-(R20-Pad1)")
    (add_net "Net-(RV1-Pad2)")
    (add_net USB_VBUS)
  )

  (module Connector_PinHeader_2.54mm:PinHeader_2x10_P2.54mm_Vertical_SMD (layer F.Cu) (tedit 59FED5CC) (tstamp 5DE975D4)
    (at 139.465 120.19)
    (descr "surface-mounted straight pin header, 2x10, 2.54mm pitch, double rows")
    (tags "Surface mounted pin header SMD 2x10 2.54mm double row")
    (path /5A35A97A/5DDD32E6)
    (attr smd)
    (fp_text reference J3 (at 0 -14.9) (layer F.SilkS)
      (effects (font (size 1 1) (thickness 0.15)))
    )
    (fp_text value Conn_ARM_JTAG_SWD_20 (at 0 13.76) (layer F.Fab)
      (effects (font (size 1 1) (thickness 0.15)))
    )
    (fp_line (start 2.54 12.7) (end -2.54 12.7) (layer F.Fab) (width 0.1))
    (fp_line (start -1.59 -12.7) (end 2.54 -12.7) (layer F.Fab) (width 0.1))
    (fp_line (start -2.54 12.7) (end -2.54 -11.75) (layer F.Fab) (width 0.1))
    (fp_line (start -2.54 -11.75) (end -1.59 -12.7) (layer F.Fab) (width 0.1))
    (fp_line (start 2.54 -12.7) (end 2.54 12.7) (layer F.Fab) (width 0.1))
    (fp_line (start -2.54 -11.75) (end -3.6 -11.75) (layer F.Fab) (width 0.1))
    (fp_line (start -3.6 -11.75) (end -3.6 -11.11) (layer F.Fab) (width 0.1))
    (fp_line (start -3.6 -11.11) (end -2.54 -11.11) (layer F.Fab) (width 0.1))
    (fp_line (start 2.54 -11.75) (end 3.6 -11.75) (layer F.Fab) (width 0.1))
    (fp_line (start 3.6 -11.75) (end 3.6 -11.11) (layer F.Fab) (width 0.1))
    (fp_line (start 3.6 -11.11) (end 2.54 -11.11) (layer F.Fab) (width 0.1))
    (fp_line (start -2.54 -9.21) (end -3.6 -9.21) (layer F.Fab) (width 0.1))
    (fp_line (start -3.6 -9.21) (end -3.6 -8.57) (layer F.Fab) (width 0.1))
    (fp_line (start -3.6 -8.57) (end -2.54 -8.57) (layer F.Fab) (width 0.1))
    (fp_line (start 2.54 -9.21) (end 3.6 -9.21) (layer F.Fab) (width 0.1))
    (fp_line (start 3.6 -9.21) (end 3.6 -8.57) (layer F.Fab) (width 0.1))
    (fp_line (start 3.6 -8.57) (end 2.54 -8.57) (layer F.Fab) (width 0.1))
    (fp_line (start -2.54 -6.67) (end -3.6 -6.67) (layer F.Fab) (width 0.1))
    (fp_line (start -3.6 -6.67) (end -3.6 -6.03) (layer F.Fab) (width 0.1))
    (fp_line (start -3.6 -6.03) (end -2.54 -6.03) (layer F.Fab) (width 0.1))
    (fp_line (start 2.54 -6.67) (end 3.6 -6.67) (layer F.Fab) (width 0.1))
    (fp_line (start 3.6 -6.67) (end 3.6 -6.03) (layer F.Fab) (width 0.1))
    (fp_line (start 3.6 -6.03) (end 2.54 -6.03) (layer F.Fab) (width 0.1))
    (fp_line (start -2.54 -4.13) (end -3.6 -4.13) (layer F.Fab) (width 0.1))
    (fp_line (start -3.6 -4.13) (end -3.6 -3.49) (layer F.Fab) (width 0.1))
    (fp_line (start -3.6 -3.49) (end -2.54 -3.49) (layer F.Fab) (width 0.1))
    (fp_line (start 2.54 -4.13) (end 3.6 -4.13) (layer F.Fab) (width 0.1))
    (fp_line (start 3.6 -4.13) (end 3.6 -3.49) (layer F.Fab) (width 0.1))
    (fp_line (start 3.6 -3.49) (end 2.54 -3.49) (layer F.Fab) (width 0.1))
    (fp_line (start -2.54 -1.59) (end -3.6 -1.59) (layer F.Fab) (width 0.1))
    (fp_line (start -3.6 -1.59) (end -3.6 -0.95) (layer F.Fab) (width 0.1))
    (fp_line (start -3.6 -0.95) (end -2.54 -0.95) (layer F.Fab) (width 0.1))
    (fp_line (start 2.54 -1.59) (end 3.6 -1.59) (layer F.Fab) (width 0.1))
    (fp_line (start 3.6 -1.59) (end 3.6 -0.95) (layer F.Fab) (width 0.1))
    (fp_line (start 3.6 -0.95) (end 2.54 -0.95) (layer F.Fab) (width 0.1))
    (fp_line (start -2.54 0.95) (end -3.6 0.95) (layer F.Fab) (width 0.1))
    (fp_line (start -3.6 0.95) (end -3.6 1.59) (layer F.Fab) (width 0.1))
    (fp_line (start -3.6 1.59) (end -2.54 1.59) (layer F.Fab) (width 0.1))
    (fp_line (start 2.54 0.95) (end 3.6 0.95) (layer F.Fab) (width 0.1))
    (fp_line (start 3.6 0.95) (end 3.6 1.59) (layer F.Fab) (width 0.1))
    (fp_line (start 3.6 1.59) (end 2.54 1.59) (layer F.Fab) (width 0.1))
    (fp_line (start -2.54 3.49) (end -3.6 3.49) (layer F.Fab) (width 0.1))
    (fp_line (start -3.6 3.49) (end -3.6 4.13) (layer F.Fab) (width 0.1))
    (fp_line (start -3.6 4.13) (end -2.54 4.13) (layer F.Fab) (width 0.1))
    (fp_line (start 2.54 3.49) (end 3.6 3.49) (layer F.Fab) (width 0.1))
    (fp_line (start 3.6 3.49) (end 3.6 4.13) (layer F.Fab) (width 0.1))
    (fp_line (start 3.6 4.13) (end 2.54 4.13) (layer F.Fab) (width 0.1))
    (fp_line (start -2.54 6.03) (end -3.6 6.03) (layer F.Fab) (width 0.1))
    (fp_line (start -3.6 6.03) (end -3.6 6.67) (layer F.Fab) (width 0.1))
    (fp_line (start -3.6 6.67) (end -2.54 6.67) (layer F.Fab) (width 0.1))
    (fp_line (start 2.54 6.03) (end 3.6 6.03) (layer F.Fab) (width 0.1))
    (fp_line (start 3.6 6.03) (end 3.6 6.67) (layer F.Fab) (width 0.1))
    (fp_line (start 3.6 6.67) (end 2.54 6.67) (layer F.Fab) (width 0.1))
    (fp_line (start -2.54 8.57) (end -3.6 8.57) (layer F.Fab) (width 0.1))
    (fp_line (start -3.6 8.57) (end -3.6 9.21) (layer F.Fab) (width 0.1))
    (fp_line (start -3.6 9.21) (end -2.54 9.21) (layer F.Fab) (width 0.1))
    (fp_line (start 2.54 8.57) (end 3.6 8.57) (layer F.Fab) (width 0.1))
    (fp_line (start 3.6 8.57) (end 3.6 9.21) (layer F.Fab) (width 0.1))
    (fp_line (start 3.6 9.21) (end 2.54 9.21) (layer F.Fab) (width 0.1))
    (fp_line (start -2.54 11.11) (end -3.6 11.11) (layer F.Fab) (width 0.1))
    (fp_line (start -3.6 11.11) (end -3.6 11.75) (layer F.Fab) (width 0.1))
    (fp_line (start -3.6 11.75) (end -2.54 11.75) (layer F.Fab) (width 0.1))
    (fp_line (start 2.54 11.11) (end 3.6 11.11) (layer F.Fab) (width 0.1))
    (fp_line (start 3.6 11.11) (end 3.6 11.75) (layer F.Fab) (width 0.1))
    (fp_line (start 3.6 11.75) (end 2.54 11.75) (layer F.Fab) (width 0.1))
    (fp_line (start -2.6 -12.76) (end 2.6 -12.76) (layer F.SilkS) (width 0.12))
    (fp_line (start -2.6 12.76) (end 2.6 12.76) (layer F.SilkS) (width 0.12))
    (fp_line (start -4.04 -12.19) (end -2.6 -12.19) (layer F.SilkS) (width 0.12))
    (fp_line (start -2.6 -12.76) (end -2.6 -12.19) (layer F.SilkS) (width 0.12))
    (fp_line (start 2.6 -12.76) (end 2.6 -12.19) (layer F.SilkS) (width 0.12))
    (fp_line (start -2.6 12.19) (end -2.6 12.76) (layer F.SilkS) (width 0.12))
    (fp_line (start 2.6 12.19) (end 2.6 12.76) (layer F.SilkS) (width 0.12))
    (fp_line (start -2.6 -10.67) (end -2.6 -9.65) (layer F.SilkS) (width 0.12))
    (fp_line (start 2.6 -10.67) (end 2.6 -9.65) (layer F.SilkS) (width 0.12))
    (fp_line (start -2.6 -8.13) (end -2.6 -7.11) (layer F.SilkS) (width 0.12))
    (fp_line (start 2.6 -8.13) (end 2.6 -7.11) (layer F.SilkS) (width 0.12))
    (fp_line (start -2.6 -5.59) (end -2.6 -4.57) (layer F.SilkS) (width 0.12))
    (fp_line (start 2.6 -5.59) (end 2.6 -4.57) (layer F.SilkS) (width 0.12))
    (fp_line (start -2.6 -3.05) (end -2.6 -2.03) (layer F.SilkS) (width 0.12))
    (fp_line (start 2.6 -3.05) (end 2.6 -2.03) (layer F.SilkS) (width 0.12))
    (fp_line (start -2.6 -0.51) (end -2.6 0.51) (layer F.SilkS) (width 0.12))
    (fp_line (start 2.6 -0.51) (end 2.6 0.51) (layer F.SilkS) (width 0.12))
    (fp_line (start -2.6 2.03) (end -2.6 3.05) (layer F.SilkS) (width 0.12))
    (fp_line (start 2.6 2.03) (end 2.6 3.05) (layer F.SilkS) (width 0.12))
    (fp_line (start -2.6 4.57) (end -2.6 5.59) (layer F.SilkS) (width 0.12))
    (fp_line (start 2.6 4.57) (end 2.6 5.59) (layer F.SilkS) (width 0.12))
    (fp_line (start -2.6 7.11) (end -2.6 8.13) (layer F.SilkS) (width 0.12))
    (fp_line (start 2.6 7.11) (end 2.6 8.13) (layer F.SilkS) (width 0.12))
    (fp_line (start -2.6 9.65) (end -2.6 10.67) (layer F.SilkS) (width 0.12))
    (fp_line (start 2.6 9.65) (end 2.6 10.67) (layer F.SilkS) (width 0.12))
    (fp_line (start -5.9 -13.2) (end -5.9 13.2) (layer F.CrtYd) (width 0.05))
    (fp_line (start -5.9 13.2) (end 5.9 13.2) (layer F.CrtYd) (width 0.05))
    (fp_line (start 5.9 13.2) (end 5.9 -13.2) (layer F.CrtYd) (width 0.05))
    (fp_line (start 5.9 -13.2) (end -5.9 -13.2) (layer F.CrtYd) (width 0.05))
    (fp_text user %R (at 0 0 90) (layer F.Fab)
      (effects (font (size 1 1) (thickness 0.15)))
    )
    (pad 1 smd rect (at -2.525 -11.43) (size 3.15 1) (layers F.Cu F.Paste F.Mask)
      (net 5 /JTAG/JTAG_out_VREF))
    (pad 2 smd rect (at 2.525 -11.43) (size 3.15 1) (layers F.Cu F.Paste F.Mask))
    (pad 3 smd rect (at -2.525 -8.89) (size 3.15 1) (layers F.Cu F.Paste F.Mask)
      (net 50 "Net-(J3-Pad3)"))
    (pad 4 smd rect (at 2.525 -8.89) (size 3.15 1) (layers F.Cu F.Paste F.Mask)
      (net 2 GND))
    (pad 5 smd rect (at -2.525 -6.35) (size 3.15 1) (layers F.Cu F.Paste F.Mask)
      (net 51 "Net-(J3-Pad5)"))
    (pad 6 smd rect (at 2.525 -6.35) (size 3.15 1) (layers F.Cu F.Paste F.Mask)
      (net 2 GND))
    (pad 7 smd rect (at -2.525 -3.81) (size 3.15 1) (layers F.Cu F.Paste F.Mask)
      (net 52 "Net-(J3-Pad7)"))
    (pad 8 smd rect (at 2.525 -3.81) (size 3.15 1) (layers F.Cu F.Paste F.Mask)
      (net 2 GND))
    (pad 9 smd rect (at -2.525 -1.27) (size 3.15 1) (layers F.Cu F.Paste F.Mask)
      (net 53 "Net-(J3-Pad9)"))
    (pad 10 smd rect (at 2.525 -1.27) (size 3.15 1) (layers F.Cu F.Paste F.Mask)
      (net 2 GND))
    (pad 11 smd rect (at -2.525 1.27) (size 3.15 1) (layers F.Cu F.Paste F.Mask))
    (pad 12 smd rect (at 2.525 1.27) (size 3.15 1) (layers F.Cu F.Paste F.Mask)
      (net 2 GND))
    (pad 13 smd rect (at -2.525 3.81) (size 3.15 1) (layers F.Cu F.Paste F.Mask)
      (net 54 "Net-(J3-Pad13)"))
    (pad 14 smd rect (at 2.525 3.81) (size 3.15 1) (layers F.Cu F.Paste F.Mask)
      (net 2 GND))
    (pad 15 smd rect (at -2.525 6.35) (size 3.15 1) (layers F.Cu F.Paste F.Mask))
    (pad 16 smd rect (at 2.525 6.35) (size 3.15 1) (layers F.Cu F.Paste F.Mask)
      (net 2 GND))
    (pad 17 smd rect (at -2.525 8.89) (size 3.15 1) (layers F.Cu F.Paste F.Mask))
    (pad 18 smd rect (at 2.525 8.89) (size 3.15 1) (layers F.Cu F.Paste F.Mask)
      (net 2 GND))
    (pad 19 smd rect (at -2.525 11.43) (size 3.15 1) (layers F.Cu F.Paste F.Mask))
    (pad 20 smd rect (at 2.525 11.43) (size 3.15 1) (layers F.Cu F.Paste F.Mask)
      (net 2 GND))
    (model ${KISYS3DMOD}/Connector_PinHeader_2.54mm.3dshapes/PinHeader_2x10_P2.54mm_Vertical_SMD.wrl
      (at (xyz 0 0 0))
      (scale (xyz 1 1 1))
      (rotate (xyz 0 0 0))
    )
  )

  (module MountingHole:MountingHole_3.2mm_M3_ISO7380_Pad (layer F.Cu) (tedit 5D81E30E) (tstamp 5D8C5680)
    (at 79.065 141.19)
    (descr "Mounting Hole 3.2mm, M3, ISO7380")
    (tags "mounting hole 3.2mm m3 iso7380")
    (attr virtual)
    (fp_text reference REF** (at 0 -3.85) (layer F.SilkS) hide
      (effects (font (size 1 1) (thickness 0.15)))
    )
    (fp_text value MountingHole_3.2mm_M3_ISO7380_Pad (at 0 3.85) (layer F.Fab)
      (effects (font (size 1 1) (thickness 0.15)))
    )
    (fp_text user %R (at 0.3 0) (layer F.Fab)
      (effects (font (size 1 1) (thickness 0.15)))
    )
    (fp_circle (center 0 0) (end 2.85 0) (layer Cmts.User) (width 0.15))
    (fp_circle (center 0 0) (end 3.1 0) (layer F.CrtYd) (width 0.05))
    (pad 1 thru_hole circle (at 0 0) (size 5.7 5.7) (drill 3.2) (layers *.Cu *.Mask))
  )

  (module MountingHole:MountingHole_3.2mm_M3_ISO7380_Pad (layer F.Cu) (tedit 5D81E30E) (tstamp 5D8C5680)
    (at 141.065 141.19)
    (descr "Mounting Hole 3.2mm, M3, ISO7380")
    (tags "mounting hole 3.2mm m3 iso7380")
    (attr virtual)
    (fp_text reference REF** (at 0 -3.85) (layer F.SilkS) hide
      (effects (font (size 1 1) (thickness 0.15)))
    )
    (fp_text value MountingHole_3.2mm_M3_ISO7380_Pad (at 0 3.85) (layer F.Fab)
      (effects (font (size 1 1) (thickness 0.15)))
    )
    (fp_text user %R (at 0.3 0) (layer F.Fab)
      (effects (font (size 1 1) (thickness 0.15)))
    )
    (fp_circle (center 0 0) (end 2.85 0) (layer Cmts.User) (width 0.15))
    (fp_circle (center 0 0) (end 3.1 0) (layer F.CrtYd) (width 0.05))
    (pad 1 thru_hole circle (at 0 0) (size 5.7 5.7) (drill 3.2) (layers *.Cu *.Mask))
  )

  (module MountingHole:MountingHole_3.2mm_M3_ISO7380_Pad (layer F.Cu) (tedit 5D81E30E) (tstamp 5D8C5680)
    (at 141.065 99.19)
    (descr "Mounting Hole 3.2mm, M3, ISO7380")
    (tags "mounting hole 3.2mm m3 iso7380")
    (attr virtual)
    (fp_text reference REF** (at 0 -3.85) (layer F.SilkS) hide
      (effects (font (size 1 1) (thickness 0.15)))
    )
    (fp_text value MountingHole_3.2mm_M3_ISO7380_Pad (at 0 3.85) (layer F.Fab)
      (effects (font (size 1 1) (thickness 0.15)))
    )
    (fp_text user %R (at 0.3 0) (layer F.Fab)
      (effects (font (size 1 1) (thickness 0.15)))
    )
    (fp_circle (center 0 0) (end 2.85 0) (layer Cmts.User) (width 0.15))
    (fp_circle (center 0 0) (end 3.1 0) (layer F.CrtYd) (width 0.05))
    (pad 1 thru_hole circle (at 0 0) (size 5.7 5.7) (drill 3.2) (layers *.Cu *.Mask))
  )

  (module Capacitor_SMD:C_0805_2012Metric (layer F.Cu) (tedit 5B36C52B) (tstamp 5D16A4AA)
    (at 98.2525 127.69 180)
    (descr "Capacitor SMD 0805 (2012 Metric), square (rectangular) end terminal, IPC_7351 nominal, (Body size source: https://docs.google.com/spreadsheets/d/1BsfQQcO9C6DZCsRaXUlFlo91Tg2WpOkGARC1WS5S8t0/edit?usp=sharing), generated with kicad-footprint-generator")
    (tags capacitor)
    (path /5A30ECDB/5A349CF7)
    (attr smd)
    (fp_text reference C1 (at 2.5375 0 180) (layer F.SilkS)
      (effects (font (size 1 1) (thickness 0.15)))
    )
    (fp_text value 4.7u (at 0 1.65 180) (layer F.Fab)
      (effects (font (size 1 1) (thickness 0.15)))
    )
    (fp_line (start -1 0.6) (end -1 -0.6) (layer F.Fab) (width 0.1))
    (fp_line (start -1 -0.6) (end 1 -0.6) (layer F.Fab) (width 0.1))
    (fp_line (start 1 -0.6) (end 1 0.6) (layer F.Fab) (width 0.1))
    (fp_line (start 1 0.6) (end -1 0.6) (layer F.Fab) (width 0.1))
    (fp_line (start -0.258578 -0.71) (end 0.258578 -0.71) (layer F.SilkS) (width 0.12))
    (fp_line (start -0.258578 0.71) (end 0.258578 0.71) (layer F.SilkS) (width 0.12))
    (fp_line (start -1.68 0.95) (end -1.68 -0.95) (layer F.CrtYd) (width 0.05))
    (fp_line (start -1.68 -0.95) (end 1.68 -0.95) (layer F.CrtYd) (width 0.05))
    (fp_line (start 1.68 -0.95) (end 1.68 0.95) (layer F.CrtYd) (width 0.05))
    (fp_line (start 1.68 0.95) (end -1.68 0.95) (layer F.CrtYd) (width 0.05))
    (fp_text user %R (at 0 0 180) (layer F.Fab)
      (effects (font (size 0.5 0.5) (thickness 0.08)))
    )
    (pad 1 smd roundrect (at -0.9375 0 180) (size 0.975 1.4) (layers F.Cu F.Paste F.Mask) (roundrect_rratio 0.25)
      (net 3 USB_VBUS))
    (pad 2 smd roundrect (at 0.9375 0 180) (size 0.975 1.4) (layers F.Cu F.Paste F.Mask) (roundrect_rratio 0.25)
      (net 2 GND))
    (model ${KISYS3DMOD}/Capacitor_SMD.3dshapes/C_0805_2012Metric.wrl
      (at (xyz 0 0 0))
      (scale (xyz 1 1 1))
      (rotate (xyz 0 0 0))
    )
  )

  (module Capacitor_SMD:C_0805_2012Metric (layer F.Cu) (tedit 5B36C52B) (tstamp 5D16A4BB)
    (at 103.915 136.09 270)
    (descr "Capacitor SMD 0805 (2012 Metric), square (rectangular) end terminal, IPC_7351 nominal, (Body size source: https://docs.google.com/spreadsheets/d/1BsfQQcO9C6DZCsRaXUlFlo91Tg2WpOkGARC1WS5S8t0/edit?usp=sharing), generated with kicad-footprint-generator")
    (tags capacitor)
    (path /5A30ECDB/5A349BA1)
    (attr smd)
    (fp_text reference C2 (at 2.6 0) (layer F.SilkS)
      (effects (font (size 1 1) (thickness 0.15)))
    )
    (fp_text value 1u (at 0 1.65 270) (layer F.Fab)
      (effects (font (size 1 1) (thickness 0.15)))
    )
    (fp_text user %R (at 0 0 270) (layer F.Fab)
      (effects (font (size 0.5 0.5) (thickness 0.08)))
    )
    (fp_line (start 1.68 0.95) (end -1.68 0.95) (layer F.CrtYd) (width 0.05))
    (fp_line (start 1.68 -0.95) (end 1.68 0.95) (layer F.CrtYd) (width 0.05))
    (fp_line (start -1.68 -0.95) (end 1.68 -0.95) (layer F.CrtYd) (width 0.05))
    (fp_line (start -1.68 0.95) (end -1.68 -0.95) (layer F.CrtYd) (width 0.05))
    (fp_line (start -0.258578 0.71) (end 0.258578 0.71) (layer F.SilkS) (width 0.12))
    (fp_line (start -0.258578 -0.71) (end 0.258578 -0.71) (layer F.SilkS) (width 0.12))
    (fp_line (start 1 0.6) (end -1 0.6) (layer F.Fab) (width 0.1))
    (fp_line (start 1 -0.6) (end 1 0.6) (layer F.Fab) (width 0.1))
    (fp_line (start -1 -0.6) (end 1 -0.6) (layer F.Fab) (width 0.1))
    (fp_line (start -1 0.6) (end -1 -0.6) (layer F.Fab) (width 0.1))
    (pad 2 smd roundrect (at 0.9375 0 270) (size 0.975 1.4) (layers F.Cu F.Paste F.Mask) (roundrect_rratio 0.25)
      (net 2 GND))
    (pad 1 smd roundrect (at -0.9375 0 270) (size 0.975 1.4) (layers F.Cu F.Paste F.Mask) (roundrect_rratio 0.25)
      (net 20 "Net-(C2-Pad1)"))
    (model ${KISYS3DMOD}/Capacitor_SMD.3dshapes/C_0805_2012Metric.wrl
      (at (xyz 0 0 0))
      (scale (xyz 1 1 1))
      (rotate (xyz 0 0 0))
    )
  )

  (module Capacitor_SMD:C_0805_2012Metric (layer F.Cu) (tedit 5B36C52B) (tstamp 5D16A4CC)
    (at 98.2525 125.69 180)
    (descr "Capacitor SMD 0805 (2012 Metric), square (rectangular) end terminal, IPC_7351 nominal, (Body size source: https://docs.google.com/spreadsheets/d/1BsfQQcO9C6DZCsRaXUlFlo91Tg2WpOkGARC1WS5S8t0/edit?usp=sharing), generated with kicad-footprint-generator")
    (tags capacitor)
    (path /5A30ECDB/5A34994A)
    (attr smd)
    (fp_text reference C3 (at 2.5375 0.2 180) (layer F.SilkS)
      (effects (font (size 1 1) (thickness 0.15)))
    )
    (fp_text value 1u (at 0 1.65 180) (layer F.Fab)
      (effects (font (size 1 1) (thickness 0.15)))
    )
    (fp_line (start -1 0.6) (end -1 -0.6) (layer F.Fab) (width 0.1))
    (fp_line (start -1 -0.6) (end 1 -0.6) (layer F.Fab) (width 0.1))
    (fp_line (start 1 -0.6) (end 1 0.6) (layer F.Fab) (width 0.1))
    (fp_line (start 1 0.6) (end -1 0.6) (layer F.Fab) (width 0.1))
    (fp_line (start -0.258578 -0.71) (end 0.258578 -0.71) (layer F.SilkS) (width 0.12))
    (fp_line (start -0.258578 0.71) (end 0.258578 0.71) (layer F.SilkS) (width 0.12))
    (fp_line (start -1.68 0.95) (end -1.68 -0.95) (layer F.CrtYd) (width 0.05))
    (fp_line (start -1.68 -0.95) (end 1.68 -0.95) (layer F.CrtYd) (width 0.05))
    (fp_line (start 1.68 -0.95) (end 1.68 0.95) (layer F.CrtYd) (width 0.05))
    (fp_line (start 1.68 0.95) (end -1.68 0.95) (layer F.CrtYd) (width 0.05))
    (fp_text user %R (at 0 0 180) (layer F.Fab)
      (effects (font (size 0.5 0.5) (thickness 0.08)))
    )
    (pad 1 smd roundrect (at -0.9375 0 180) (size 0.975 1.4) (layers F.Cu F.Paste F.Mask) (roundrect_rratio 0.25)
      (net 21 "Net-(C3-Pad1)"))
    (pad 2 smd roundrect (at 0.9375 0 180) (size 0.975 1.4) (layers F.Cu F.Paste F.Mask) (roundrect_rratio 0.25)
      (net 2 GND))
    (model ${KISYS3DMOD}/Capacitor_SMD.3dshapes/C_0805_2012Metric.wrl
      (at (xyz 0 0 0))
      (scale (xyz 1 1 1))
      (rotate (xyz 0 0 0))
    )
  )

  (module Capacitor_SMD:C_0603_1608Metric (layer F.Cu) (tedit 5B301BBE) (tstamp 5D16A4DD)
    (at 107.365 119.19 180)
    (descr "Capacitor SMD 0603 (1608 Metric), square (rectangular) end terminal, IPC_7351 nominal, (Body size source: http://www.tortai-tech.com/upload/download/2011102023233369053.pdf), generated with kicad-footprint-generator")
    (tags capacitor)
    (path /5A30ECDB/5A350D59)
    (attr smd)
    (fp_text reference C4 (at 2.5 0) (layer F.SilkS)
      (effects (font (size 1 1) (thickness 0.15)))
    )
    (fp_text value 100n (at 0 1.43 180) (layer F.Fab)
      (effects (font (size 1 1) (thickness 0.15)))
    )
    (fp_text user %R (at 0 0 180) (layer F.Fab)
      (effects (font (size 0.4 0.4) (thickness 0.06)))
    )
    (fp_line (start 1.48 0.73) (end -1.48 0.73) (layer F.CrtYd) (width 0.05))
    (fp_line (start 1.48 -0.73) (end 1.48 0.73) (layer F.CrtYd) (width 0.05))
    (fp_line (start -1.48 -0.73) (end 1.48 -0.73) (layer F.CrtYd) (width 0.05))
    (fp_line (start -1.48 0.73) (end -1.48 -0.73) (layer F.CrtYd) (width 0.05))
    (fp_line (start -0.162779 0.51) (end 0.162779 0.51) (layer F.SilkS) (width 0.12))
    (fp_line (start -0.162779 -0.51) (end 0.162779 -0.51) (layer F.SilkS) (width 0.12))
    (fp_line (start 0.8 0.4) (end -0.8 0.4) (layer F.Fab) (width 0.1))
    (fp_line (start 0.8 -0.4) (end 0.8 0.4) (layer F.Fab) (width 0.1))
    (fp_line (start -0.8 -0.4) (end 0.8 -0.4) (layer F.Fab) (width 0.1))
    (fp_line (start -0.8 0.4) (end -0.8 -0.4) (layer F.Fab) (width 0.1))
    (pad 2 smd roundrect (at 0.7875 0 180) (size 0.875 0.95) (layers F.Cu F.Paste F.Mask) (roundrect_rratio 0.25)
      (net 2 GND))
    (pad 1 smd roundrect (at -0.7875 0 180) (size 0.875 0.95) (layers F.Cu F.Paste F.Mask) (roundrect_rratio 0.25)
      (net 4 +3.3VA))
    (model ${KISYS3DMOD}/Capacitor_SMD.3dshapes/C_0603_1608Metric.wrl
      (at (xyz 0 0 0))
      (scale (xyz 1 1 1))
      (rotate (xyz 0 0 0))
    )
  )

  (module Capacitor_SMD:C_0603_1608Metric (layer F.Cu) (tedit 5B301BBE) (tstamp 5D930B49)
    (at 110.315 119.19)
    (descr "Capacitor SMD 0603 (1608 Metric), square (rectangular) end terminal, IPC_7351 nominal, (Body size source: http://www.tortai-tech.com/upload/download/2011102023233369053.pdf), generated with kicad-footprint-generator")
    (tags capacitor)
    (path /5A30ECDB/5A350D53)
    (attr smd)
    (fp_text reference C5 (at 2.5 0 180) (layer F.SilkS)
      (effects (font (size 1 1) (thickness 0.15)))
    )
    (fp_text value 100n (at 0 1.43) (layer F.Fab)
      (effects (font (size 1 1) (thickness 0.15)))
    )
    (fp_line (start -0.8 0.4) (end -0.8 -0.4) (layer F.Fab) (width 0.1))
    (fp_line (start -0.8 -0.4) (end 0.8 -0.4) (layer F.Fab) (width 0.1))
    (fp_line (start 0.8 -0.4) (end 0.8 0.4) (layer F.Fab) (width 0.1))
    (fp_line (start 0.8 0.4) (end -0.8 0.4) (layer F.Fab) (width 0.1))
    (fp_line (start -0.162779 -0.51) (end 0.162779 -0.51) (layer F.SilkS) (width 0.12))
    (fp_line (start -0.162779 0.51) (end 0.162779 0.51) (layer F.SilkS) (width 0.12))
    (fp_line (start -1.48 0.73) (end -1.48 -0.73) (layer F.CrtYd) (width 0.05))
    (fp_line (start -1.48 -0.73) (end 1.48 -0.73) (layer F.CrtYd) (width 0.05))
    (fp_line (start 1.48 -0.73) (end 1.48 0.73) (layer F.CrtYd) (width 0.05))
    (fp_line (start 1.48 0.73) (end -1.48 0.73) (layer F.CrtYd) (width 0.05))
    (fp_text user %R (at 0 0) (layer F.Fab)
      (effects (font (size 0.4 0.4) (thickness 0.06)))
    )
    (pad 1 smd roundrect (at -0.7875 0) (size 0.875 0.95) (layers F.Cu F.Paste F.Mask) (roundrect_rratio 0.25)
      (net 4 +3.3VA))
    (pad 2 smd roundrect (at 0.7875 0) (size 0.875 0.95) (layers F.Cu F.Paste F.Mask) (roundrect_rratio 0.25)
      (net 2 GND))
    (model ${KISYS3DMOD}/Capacitor_SMD.3dshapes/C_0603_1608Metric.wrl
      (at (xyz 0 0 0))
      (scale (xyz 1 1 1))
      (rotate (xyz 0 0 0))
    )
  )

  (module Capacitor_Tantalum_SMD:CP_EIA-2012-12_Kemet-R (layer F.Cu) (tedit 5B301BBE) (tstamp 5D16A501)
    (at 115.815 119.19)
    (descr "Tantalum Capacitor SMD Kemet-R (2012-12 Metric), IPC_7351 nominal, (Body size from: https://www.vishay.com/docs/40182/tmch.pdf), generated with kicad-footprint-generator")
    (tags "capacitor tantalum")
    (path /5A30ECDB/5A350D3B)
    (attr smd)
    (fp_text reference C6 (at 2.25 -1.4 180) (layer F.SilkS)
      (effects (font (size 1 1) (thickness 0.15)))
    )
    (fp_text value 10u (at 0 1.58) (layer F.Fab)
      (effects (font (size 1 1) (thickness 0.15)))
    )
    (fp_text user %R (at 0 0) (layer F.Fab)
      (effects (font (size 0.5 0.5) (thickness 0.08)))
    )
    (fp_line (start 1.7 0.88) (end -1.7 0.88) (layer F.CrtYd) (width 0.05))
    (fp_line (start 1.7 -0.88) (end 1.7 0.88) (layer F.CrtYd) (width 0.05))
    (fp_line (start -1.7 -0.88) (end 1.7 -0.88) (layer F.CrtYd) (width 0.05))
    (fp_line (start -1.7 0.88) (end -1.7 -0.88) (layer F.CrtYd) (width 0.05))
    (fp_line (start -1.71 0.785) (end 1 0.785) (layer F.SilkS) (width 0.12))
    (fp_line (start -1.71 -0.785) (end -1.71 0.785) (layer F.SilkS) (width 0.12))
    (fp_line (start 1 -0.785) (end -1.71 -0.785) (layer F.SilkS) (width 0.12))
    (fp_line (start 1 0.625) (end 1 -0.625) (layer F.Fab) (width 0.1))
    (fp_line (start -1 0.625) (end 1 0.625) (layer F.Fab) (width 0.1))
    (fp_line (start -1 -0.3125) (end -1 0.625) (layer F.Fab) (width 0.1))
    (fp_line (start -0.6875 -0.625) (end -1 -0.3125) (layer F.Fab) (width 0.1))
    (fp_line (start 1 -0.625) (end -0.6875 -0.625) (layer F.Fab) (width 0.1))
    (pad 2 smd roundrect (at 0.8875 0) (size 1.125 1.05) (layers F.Cu F.Paste F.Mask) (roundrect_rratio 0.238095)
      (net 2 GND))
    (pad 1 smd roundrect (at -0.8875 0) (size 1.125 1.05) (layers F.Cu F.Paste F.Mask) (roundrect_rratio 0.238095)
      (net 4 +3.3VA))
    (model ${KISYS3DMOD}/Capacitor_Tantalum_SMD.3dshapes/CP_EIA-2012-12_Kemet-R.wrl
      (at (xyz 0 0 0))
      (scale (xyz 1 1 1))
      (rotate (xyz 0 0 0))
    )
  )

  (module Capacitor_SMD:C_0603_1608Metric (layer F.Cu) (tedit 5B301BBE) (tstamp 5D16A512)
    (at 117.7025 128.19)
    (descr "Capacitor SMD 0603 (1608 Metric), square (rectangular) end terminal, IPC_7351 nominal, (Body size source: http://www.tortai-tech.com/upload/download/2011102023233369053.pdf), generated with kicad-footprint-generator")
    (tags capacitor)
    (path /5A30ECDB/5A39F308)
    (attr smd)
    (fp_text reference C7 (at 0 -1.43) (layer F.SilkS)
      (effects (font (size 1 1) (thickness 0.15)))
    )
    (fp_text value 100n (at 0 1.43) (layer F.Fab)
      (effects (font (size 1 1) (thickness 0.15)))
    )
    (fp_line (start -0.8 0.4) (end -0.8 -0.4) (layer F.Fab) (width 0.1))
    (fp_line (start -0.8 -0.4) (end 0.8 -0.4) (layer F.Fab) (width 0.1))
    (fp_line (start 0.8 -0.4) (end 0.8 0.4) (layer F.Fab) (width 0.1))
    (fp_line (start 0.8 0.4) (end -0.8 0.4) (layer F.Fab) (width 0.1))
    (fp_line (start -0.162779 -0.51) (end 0.162779 -0.51) (layer F.SilkS) (width 0.12))
    (fp_line (start -0.162779 0.51) (end 0.162779 0.51) (layer F.SilkS) (width 0.12))
    (fp_line (start -1.48 0.73) (end -1.48 -0.73) (layer F.CrtYd) (width 0.05))
    (fp_line (start -1.48 -0.73) (end 1.48 -0.73) (layer F.CrtYd) (width 0.05))
    (fp_line (start 1.48 -0.73) (end 1.48 0.73) (layer F.CrtYd) (width 0.05))
    (fp_line (start 1.48 0.73) (end -1.48 0.73) (layer F.CrtYd) (width 0.05))
    (fp_text user %R (at 0 0) (layer F.Fab)
      (effects (font (size 0.4 0.4) (thickness 0.06)))
    )
    (pad 1 smd roundrect (at -0.7875 0) (size 0.875 0.95) (layers F.Cu F.Paste F.Mask) (roundrect_rratio 0.25)
      (net 1 +3V3))
    (pad 2 smd roundrect (at 0.7875 0) (size 0.875 0.95) (layers F.Cu F.Paste F.Mask) (roundrect_rratio 0.25)
      (net 2 GND))
    (model ${KISYS3DMOD}/Capacitor_SMD.3dshapes/C_0603_1608Metric.wrl
      (at (xyz 0 0 0))
      (scale (xyz 1 1 1))
      (rotate (xyz 0 0 0))
    )
  )

  (module Capacitor_SMD:C_0603_1608Metric (layer F.Cu) (tedit 5B301BBE) (tstamp 5D16A523)
    (at 108.115 136.89 270)
    (descr "Capacitor SMD 0603 (1608 Metric), square (rectangular) end terminal, IPC_7351 nominal, (Body size source: http://www.tortai-tech.com/upload/download/2011102023233369053.pdf), generated with kicad-footprint-generator")
    (tags capacitor)
    (path /5A30ECDB/5A39F2B0)
    (attr smd)
    (fp_text reference C8 (at 0 1.8) (layer F.SilkS)
      (effects (font (size 1 1) (thickness 0.15)))
    )
    (fp_text value 100n (at 0 1.43 270) (layer F.Fab)
      (effects (font (size 1 1) (thickness 0.15)))
    )
    (fp_line (start -0.8 0.4) (end -0.8 -0.4) (layer F.Fab) (width 0.1))
    (fp_line (start -0.8 -0.4) (end 0.8 -0.4) (layer F.Fab) (width 0.1))
    (fp_line (start 0.8 -0.4) (end 0.8 0.4) (layer F.Fab) (width 0.1))
    (fp_line (start 0.8 0.4) (end -0.8 0.4) (layer F.Fab) (width 0.1))
    (fp_line (start -0.162779 -0.51) (end 0.162779 -0.51) (layer F.SilkS) (width 0.12))
    (fp_line (start -0.162779 0.51) (end 0.162779 0.51) (layer F.SilkS) (width 0.12))
    (fp_line (start -1.48 0.73) (end -1.48 -0.73) (layer F.CrtYd) (width 0.05))
    (fp_line (start -1.48 -0.73) (end 1.48 -0.73) (layer F.CrtYd) (width 0.05))
    (fp_line (start 1.48 -0.73) (end 1.48 0.73) (layer F.CrtYd) (width 0.05))
    (fp_line (start 1.48 0.73) (end -1.48 0.73) (layer F.CrtYd) (width 0.05))
    (fp_text user %R (at 0 0 270) (layer F.Fab)
      (effects (font (size 0.4 0.4) (thickness 0.06)))
    )
    (pad 1 smd roundrect (at -0.7875 0 270) (size 0.875 0.95) (layers F.Cu F.Paste F.Mask) (roundrect_rratio 0.25)
      (net 1 +3V3))
    (pad 2 smd roundrect (at 0.7875 0 270) (size 0.875 0.95) (layers F.Cu F.Paste F.Mask) (roundrect_rratio 0.25)
      (net 2 GND))
    (model ${KISYS3DMOD}/Capacitor_SMD.3dshapes/C_0603_1608Metric.wrl
      (at (xyz 0 0 0))
      (scale (xyz 1 1 1))
      (rotate (xyz 0 0 0))
    )
  )

  (module Capacitor_SMD:C_0603_1608Metric (layer F.Cu) (tedit 5B301BBE) (tstamp 5D16A534)
    (at 101.065 127.19 270)
    (descr "Capacitor SMD 0603 (1608 Metric), square (rectangular) end terminal, IPC_7351 nominal, (Body size source: http://www.tortai-tech.com/upload/download/2011102023233369053.pdf), generated with kicad-footprint-generator")
    (tags capacitor)
    (path /5A30ECDB/5A39C824)
    (attr smd)
    (fp_text reference C9 (at -2 0) (layer F.SilkS)
      (effects (font (size 1 1) (thickness 0.15)))
    )
    (fp_text value 100n (at 0 1.43 270) (layer F.Fab)
      (effects (font (size 1 1) (thickness 0.15)))
    )
    (fp_text user %R (at 0 0 270) (layer F.Fab)
      (effects (font (size 0.4 0.4) (thickness 0.06)))
    )
    (fp_line (start 1.48 0.73) (end -1.48 0.73) (layer F.CrtYd) (width 0.05))
    (fp_line (start 1.48 -0.73) (end 1.48 0.73) (layer F.CrtYd) (width 0.05))
    (fp_line (start -1.48 -0.73) (end 1.48 -0.73) (layer F.CrtYd) (width 0.05))
    (fp_line (start -1.48 0.73) (end -1.48 -0.73) (layer F.CrtYd) (width 0.05))
    (fp_line (start -0.162779 0.51) (end 0.162779 0.51) (layer F.SilkS) (width 0.12))
    (fp_line (start -0.162779 -0.51) (end 0.162779 -0.51) (layer F.SilkS) (width 0.12))
    (fp_line (start 0.8 0.4) (end -0.8 0.4) (layer F.Fab) (width 0.1))
    (fp_line (start 0.8 -0.4) (end 0.8 0.4) (layer F.Fab) (width 0.1))
    (fp_line (start -0.8 -0.4) (end 0.8 -0.4) (layer F.Fab) (width 0.1))
    (fp_line (start -0.8 0.4) (end -0.8 -0.4) (layer F.Fab) (width 0.1))
    (pad 2 smd roundrect (at 0.7875 0 270) (size 0.875 0.95) (layers F.Cu F.Paste F.Mask) (roundrect_rratio 0.25)
      (net 2 GND))
    (pad 1 smd roundrect (at -0.7875 0 270) (size 0.875 0.95) (layers F.Cu F.Paste F.Mask) (roundrect_rratio 0.25)
      (net 1 +3V3))
    (model ${KISYS3DMOD}/Capacitor_SMD.3dshapes/C_0603_1608Metric.wrl
      (at (xyz 0 0 0))
      (scale (xyz 1 1 1))
      (rotate (xyz 0 0 0))
    )
  )

  (module Capacitor_SMD:C_0603_1608Metric (layer F.Cu) (tedit 5B301BBE) (tstamp 5D93167E)
    (at 117.7025 125.19)
    (descr "Capacitor SMD 0603 (1608 Metric), square (rectangular) end terminal, IPC_7351 nominal, (Body size source: http://www.tortai-tech.com/upload/download/2011102023233369053.pdf), generated with kicad-footprint-generator")
    (tags capacitor)
    (path /5A30ECDB/5A39C90B)
    (attr smd)
    (fp_text reference C10 (at 0 -1.43) (layer F.SilkS)
      (effects (font (size 1 1) (thickness 0.15)))
    )
    (fp_text value 100n (at 0 1.43) (layer F.Fab)
      (effects (font (size 1 1) (thickness 0.15)))
    )
    (fp_text user %R (at 0 0) (layer F.Fab)
      (effects (font (size 0.4 0.4) (thickness 0.06)))
    )
    (fp_line (start 1.48 0.73) (end -1.48 0.73) (layer F.CrtYd) (width 0.05))
    (fp_line (start 1.48 -0.73) (end 1.48 0.73) (layer F.CrtYd) (width 0.05))
    (fp_line (start -1.48 -0.73) (end 1.48 -0.73) (layer F.CrtYd) (width 0.05))
    (fp_line (start -1.48 0.73) (end -1.48 -0.73) (layer F.CrtYd) (width 0.05))
    (fp_line (start -0.162779 0.51) (end 0.162779 0.51) (layer F.SilkS) (width 0.12))
    (fp_line (start -0.162779 -0.51) (end 0.162779 -0.51) (layer F.SilkS) (width 0.12))
    (fp_line (start 0.8 0.4) (end -0.8 0.4) (layer F.Fab) (width 0.1))
    (fp_line (start 0.8 -0.4) (end 0.8 0.4) (layer F.Fab) (width 0.1))
    (fp_line (start -0.8 -0.4) (end 0.8 -0.4) (layer F.Fab) (width 0.1))
    (fp_line (start -0.8 0.4) (end -0.8 -0.4) (layer F.Fab) (width 0.1))
    (pad 2 smd roundrect (at 0.7875 0) (size 0.875 0.95) (layers F.Cu F.Paste F.Mask) (roundrect_rratio 0.25)
      (net 2 GND))
    (pad 1 smd roundrect (at -0.7875 0) (size 0.875 0.95) (layers F.Cu F.Paste F.Mask) (roundrect_rratio 0.25)
      (net 1 +3V3))
    (model ${KISYS3DMOD}/Capacitor_SMD.3dshapes/C_0603_1608Metric.wrl
      (at (xyz 0 0 0))
      (scale (xyz 1 1 1))
      (rotate (xyz 0 0 0))
    )
  )

  (module Capacitor_Tantalum_SMD:CP_EIA-2012-12_Kemet-R (layer F.Cu) (tedit 5B301BBE) (tstamp 5D16A558)
    (at 118.0025 131.19)
    (descr "Tantalum Capacitor SMD Kemet-R (2012-12 Metric), IPC_7351 nominal, (Body size from: https://www.vishay.com/docs/40182/tmch.pdf), generated with kicad-footprint-generator")
    (tags "capacitor tantalum")
    (path /5A30ECDB/5A39C711)
    (attr smd)
    (fp_text reference C11 (at 0 -1.58) (layer F.SilkS)
      (effects (font (size 1 1) (thickness 0.15)))
    )
    (fp_text value 10u (at 0 1.58) (layer F.Fab)
      (effects (font (size 1 1) (thickness 0.15)))
    )
    (fp_line (start 1 -0.625) (end -0.6875 -0.625) (layer F.Fab) (width 0.1))
    (fp_line (start -0.6875 -0.625) (end -1 -0.3125) (layer F.Fab) (width 0.1))
    (fp_line (start -1 -0.3125) (end -1 0.625) (layer F.Fab) (width 0.1))
    (fp_line (start -1 0.625) (end 1 0.625) (layer F.Fab) (width 0.1))
    (fp_line (start 1 0.625) (end 1 -0.625) (layer F.Fab) (width 0.1))
    (fp_line (start 1 -0.785) (end -1.71 -0.785) (layer F.SilkS) (width 0.12))
    (fp_line (start -1.71 -0.785) (end -1.71 0.785) (layer F.SilkS) (width 0.12))
    (fp_line (start -1.71 0.785) (end 1 0.785) (layer F.SilkS) (width 0.12))
    (fp_line (start -1.7 0.88) (end -1.7 -0.88) (layer F.CrtYd) (width 0.05))
    (fp_line (start -1.7 -0.88) (end 1.7 -0.88) (layer F.CrtYd) (width 0.05))
    (fp_line (start 1.7 -0.88) (end 1.7 0.88) (layer F.CrtYd) (width 0.05))
    (fp_line (start 1.7 0.88) (end -1.7 0.88) (layer F.CrtYd) (width 0.05))
    (fp_text user %R (at 0 0) (layer F.Fab)
      (effects (font (size 0.5 0.5) (thickness 0.08)))
    )
    (pad 1 smd roundrect (at -0.8875 0) (size 1.125 1.05) (layers F.Cu F.Paste F.Mask) (roundrect_rratio 0.238095)
      (net 1 +3V3))
    (pad 2 smd roundrect (at 0.8875 0) (size 1.125 1.05) (layers F.Cu F.Paste F.Mask) (roundrect_rratio 0.238095)
      (net 2 GND))
    (model ${KISYS3DMOD}/Capacitor_Tantalum_SMD.3dshapes/CP_EIA-2012-12_Kemet-R.wrl
      (at (xyz 0 0 0))
      (scale (xyz 1 1 1))
      (rotate (xyz 0 0 0))
    )
  )

